overlapping.F1: 0.39905087140103834
overlapping.F1v: 0.4338746593366256
overlapping.F2: 0.5497456438151953
overlapping.F3: 0.007437153139772335
overlapping.F4: 0.00987147155173762
neighborhood.N1: 0.9977707726069821
neighborhood.N2: 0.9876362564118757
neighborhood.N3: 0.9959784211229284
neighborhood.N4: 0.9927493222310161
neighborhood.T1: 0.9971533379436219
neighborhood.LSC: 0.9993561933351879
linearity.class.L1: 0.6374249303633207
linearity.class.L2: 0.19617495931928053
linearity.class.L3: 0.19177637669367542
dimensionality.T2: 0.0033333333333332993
dimensionality.T3: 0.0033333333333332993
dimensionality.T4: 1.0
balance.C1: 1.0
balance.C2: 1.0
network.Density: 0.9983428224914289
network.ClsCoef: 0.9857793329431401
network.Hubs: 0.6326195651281292
